0,273
0,270
10,283
10,71
10,188
10,273
10,83
10,22
10,23
10,268
11,17
11,8
11,9
9,7
8,5
36,3
36,2
36,1
36,0
35,3
35,2
35,1
35,0
34,4
34,3
34,2
34,1
34,0
33,5
33,4
33,3
33,2
33,1
33,0
32,5
32,4
32,3
32,2
32,1
32,0
31,5
31,4
31,3
31,2
31,1
31,0
30,4
30,3
30,2
30,1
30,0
29,5
29,4
29,3
29,2
29,1
29,0
28,4
28,3
28,2
28,1
28,0
27,4
27,3
27,2
27,1
27,0
26,4
26,3
26,2
26,1
26,0
25,3
25,2
25,1
25,0
24,4
24,3
24,2
24,1
24,0
23,3
23,2
23,1
23,0
12,3
12,2
12,1
20,2
11,28
20,1
11,27
20,3
11,26
11,25
11,22
11,21
11,20
